release major index date
2.0 2 0 24-Oct-1996
2.1 2 1 09-Jun-1997
2.2 2 2 17-Nov-1997
2.3 2 3 27-Apr-1998
2.4 2 4 25-Oct-1998
2.5 2 5 21-Apr-1999
2.6 2 6 28-Nov-1999
2.7 2 7 14-Jun-2000
2.8 2 8 27-Nov-2000
2.9 2 9 05-May-2001
3.0 3 0 18-Oct-2001
3.1 3 1 18-May-2002
3.2 3 2 05-Oct-2002
3.3 3 3 25-Apr-2003
3.4 3 4 17-Sep-2003
3.5 3 5 06-Apr-2004
3.6 3 6 29-Oct-2004
3.7 3 7 21-Mar-2005
3.8 3 8 16-Sep-2005
3.9 3 9 02-Mar-2006
4.0 4 0 23-Sep-2006
4.1 4 1 10-Mar-2007
4.2 4 2 01-Nov-2007
4.3 4 3 12-Mar-2008
4.4 4 4 12-Aug-2008
4.5 4 5 28-Feb-2009
