psize usize csize major
33255278 202 342 0
33240033 201 341 1
33899733 205 346 2
34271622 207 348 3
34386912 209 345 4
34684611 210 354 5
34896138 212 357 6
35092228 213 350 7
35634061 216 358 8
36261440 220 362 9
36533484 220 367 10
37075679 225 373 11
37511570 229 380 12
38372729 237 359 13
39172170 242 366 14
39832836 246 375 15
40845005 252 389 16
41272919 255 398 17
41863580 260 392 18
42733268 267 418 19
43375937 271 431 20
43997476 276 441 21
45119878 285 457 22
45488158 287 458 23
46737783 296 546 24
48601689 308 563 25
49441874 314 573 26
50355835 318 592 27
52665364 334 625 28
56579370 361 722 29
































