release major index minor date
1.0 1 0 0 01-Nov-1993
1.1 1 2 0 01-May-1994
1.1.5.1 1 3 1 01-Jul-1994

2.0 2 0 0 01-Nov-1994
2.0.5 2 2 1 09-Jun-1995

2.1 2.1 0 0 01-Nov-1995
2.1.5 2.1 1 1 01-Jul-1996
2.1.6 2.1 2 1 01-Dec-1996
2.1.7 2.1 3 1 01-Feb-1997
2.1.7.1 2.1 4 1 19-Mar-1997

2.2 2.2 0 0 01-Mar-1997
2.2.1 2.2 1 1 01-Apr-1997
2.2.2 2.2 2 1 19-May-1997
2.2.5 2.2 3 1 01-Oct-1997
2.2.6 2.2 4 1 24-Mar-1998
2.2.7 2.2 5 1 21-Jul-1998
2.2.8 2.2 6 1 01-Dec-1998
2.2.9 2.2.9 7 1 01-Apr-2006

3.0 3 0 0 16-Oct-1998
3.1 3 1 0 14-Feb-1999
3.2 3 2 0 17-May-1999
3.3 3 3 0 15-Sep-1999
3.4 3 4 0 19-Dec-1999
3.5 3 5 0 01-Jun-2000
3.5.1 3 6 1 27-Jul-2000

4.0 4 0 0 20-Mar-2000
4.1 4 1 0 26-Jul-2000
4.1.1 4 2 1 25-Sep-2000
4.2 4 3 0 20-Nov-2000
4.3 4 4 0 21-Apr-2001
4.4 4 5 0 18-Sep-2001
4.5 4 6 0 28-Jan-2002
4.6 4 7 0 11-Jun-2002
4.6.2 4 8 1 14-Aug-2002
4.7 4 9 0 08-Oct-2002
4.8 4 10 0 03-Apr-2003
4.9 4 11 0 27-Oct-2003
4.10 4 12 0 25-May-2004
4.11 4 13 0 21-Jan-2005

5.0 5 0 0 16-Jan-2003
5.1 5 1 0 04-Jun-2003
5.2 5 2 0 10-Jan-2004
5.2.1 5 3 1 23-Feb-2004
5.3 5 4 0 04-Nov-2004
5.4 5 5 0 08-May-2005
5.5 5 6 0 23-May-2006

6.0 6 0 0 03-Nov-2005
6.1 6 1 0 07-May-2006
6.2 6 2 0 12-Jan-2007
6.3 6 3 0 16-Jan-2008
6.4 6 4 0 26-Nov-2008

7.0 7 0 0 24-Feb-2008
7.1 7 1 0 01-Jan-2009
7.2 7 2 0 01-May-2009
