ext3 ext2 ext4 ocfs2 reiserfs jfs gfs2 btrfs xfs fuse ecryptfs ubifs jffs2 hugetlbfs configfs devpts debugfs ramfs vfat msdos squashfs cramfs isofs 9p ncpfs smbfs coda freevxfs efs romfs befs bfs qnx4 adfs omfs affs hpfs minix sysv ufs udf hfsplus hfs fat jbd2 jbd ntfs dlm lockd kafs cifs nfs nfsd proc
proc 0 315 364 247 227 255 242 274 234 233 233 240 243 233 236 222 217 219 223 -1 204 205 202 204 196 196 199 211 222 217 226 229 208 -1 218 214 213 210 194 191 215 256 -1 245 235 308 -1 295 295 323 316 -1 269 340
nfsd 315 0 301 262 230 200 219 295 223 222 256 245 246 258 263 255 254 240 252 -1 229 228 231 229 219 221 220 224 239 252 233 242 223 -1 231 227 236 221 215 216 234 255 -1 220 244 317 -1 284 290 294 313 -1 292 359
nfs 364 301 0 239 249 245 276 296 278 277 301 282 283 295 300 292 287 291 289 -1 288 283 284 292 276 276 277 253 264 285 262 287 278 -1 306 300 297 296 284 275 305 264 -1 287 257 310 -1 281 283 315 330 -1 321 372
cifs 247 262 239 0 134 182 157 177 151 150 162 129 124 144 153 141 136 140 138 -1 137 144 139 143 137 139 138 144 103 138 121 154 145 -1 169 165 154 163 149 150 160 151 -1 168 148 191 -1 166 150 212 211 -1 188 265
kafs 227 230 249 134 0 154 139 185 135 134 160 137 138 150 151 133 134 138 140 -1 125 124 129 117 107 107 106 106 135 148 119 126 107 -1 137 133 134 139 121 128 142 133 -1 158 140 221 -1 188 182 210 213 -1 192 265
lockd 255 200 245 182 154 0 135 201 127 126 166 155 156 164 175 165 164 150 162 -1 137 130 133 129 121 121 124 144 151 154 143 148 119 -1 125 127 134 129 119 132 148 163 -1 180 168 253 -1 220 222 262 239 -1 222 287
dlm 242 219 276 157 139 135 0 202 116 115 169 150 147 163 172 158 157 149 155 -1 138 137 142 136 126 126 127 139 144 145 120 139 128 -1 140 140 145 134 130 121 149 162 -1 173 153 224 -1 179 203 221 206 -1 207 276
ntfs 274 295 296 177 185 201 202 0 156 155 159 130 137 121 128 138 135 131 135 -1 138 135 136 138 138 136 135 163 154 153 182 135 140 -1 164 166 169 176 162 167 171 184 -1 183 165 198 -1 175 165 189 204 -1 173 232
jbd 234 223 278 151 135 127 116 156 0 1 119 110 113 115 120 116 113 107 107 -1 104 89 98 92 80 88 89 113 124 123 118 105 90 -1 94 94 99 94 84 109 105 150 -1 145 135 208 -1 173 175 197 198 -1 179 234
jbd2 233 222 277 150 134 126 115 155 1 0 118 109 112 114 119 115 112 106 106 -1 103 88 97 91 79 87 88 112 123 122 117 104 89 -1 93 93 98 93 83 108 104 149 -1 144 134 207 -1 172 174 196 197 -1 178 233
fat 233 256 301 162 160 166 169 159 119 118 0 73 76 76 89 91 92 70 76 -1 73 70 67 87 97 89 96 128 121 130 131 94 109 -1 115 113 112 125 103 120 124 159 -1 150 128 217 -1 166 150 196 199 -1 128 191
hfs 240 245 282 129 137 155 150 130 110 109 73 0 17 63 72 82 81 51 51 -1 60 61 62 68 80 74 75 115 104 117 108 75 84 -1 110 112 107 120 100 111 119 124 -1 141 109 200 -1 147 137 171 170 -1 131 196
hfsplus 243 246 283 124 138 156 147 137 113 112 76 17 0 60 73 79 78 58 62 -1 65 66 65 71 79 73 74 114 101 120 107 80 85 -1 111 113 104 121 99 116 118 123 -1 142 110 191 -1 148 130 170 173 -1 124 193
udf 233 258 295 144 150 164 163 121 115 114 76 63 60 0 47 57 56 50 54 -1 63 60 55 65 69 65 66 112 107 104 125 68 79 -1 101 105 98 111 91 118 112 135 -1 142 124 203 -1 162 138 174 175 -1 108 185
ufs 236 263 300 153 151 175 172 128 120 119 89 72 73 47 0 34 39 51 55 -1 54 51 46 74 68 62 59 123 112 123 134 87 80 -1 100 108 95 112 98 115 111 136 -1 139 129 214 -1 165 131 167 180 -1 97 182
sysv 222 255 292 141 133 165 158 138 116 115 91 82 79 57 34 0 5 57 51 -1 46 45 34 68 56 50 47 107 108 119 130 85 70 -1 86 94 85 102 92 117 111 136 -1 141 125 208 -1 165 153 173 190 -1 93 194
minix 217 254 287 136 134 164 157 135 113 112 92 81 78 56 39 5 0 62 46 -1 47 46 33 69 57 51 48 108 107 120 131 86 71 -1 87 95 86 103 93 118 112 135 -1 138 122 205 -1 160 154 170 185 -1 88 193
hpfs 219 240 291 140 138 150 149 131 107 106 70 51 58 50 51 57 62 0 34 -1 41 42 41 59 57 51 58 104 97 106 109 68 71 -1 91 93 86 101 81 96 100 123 -1 130 110 207 -1 162 146 178 175 -1 122 187
affs 223 252 289 138 140 162 155 135 107 106 76 51 62 54 55 51 46 34 0 -1 47 48 43 61 65 61 62 110 101 112 119 74 77 -1 97 97 92 103 85 94 106 129 -1 130 106 209 -1 158 150 180 175 -1 114 191
omfs -1 -1 -1 -1 -1 -1 -1 -1 -1 -1 -1 -1 -1 -1 -1 -1 -1 -1 -1 -1 -1 -1 -1 -1 -1 -1 -1 -1 -1 -1 -1 -1 -1 -1 -1 -1 -1 -1 -1 -1 -1 -1 -1 -1 -1 -1 -1 -1 -1 -1 -1 -1 -1 -1
adfs 204 229 288 137 125 137 138 138 104 103 73 60 65 63 54 46 47 41 47 -1 0 23 22 40 44 38 43 99 100 113 108 73 60 -1 62 70 63 80 60 89 95 130 -1 123 109 208 -1 167 165 195 192 -1 123 204
qnx4 205 228 283 144 124 130 137 135 89 88 70 61 66 60 51 45 46 42 48 -1 23 0 15 37 29 23 30 94 105 114 107 60 47 -1 53 61 58 73 61 86 88 129 -1 124 114 213 -1 172 164 198 191 -1 132 201
bfs 202 231 284 139 129 133 142 136 98 97 67 62 65 55 46 34 33 41 43 -1 22 15 0 40 36 28 35 95 96 109 112 71 54 -1 58 66 59 76 64 91 93 124 -1 125 109 210 -1 167 157 189 186 -1 119 194
befs 204 229 292 143 117 129 136 138 92 91 87 68 71 65 74 68 69 59 61 -1 40 37 40 0 28 24 29 93 104 97 106 45 46 -1 60 66 65 66 50 81 85 132 -1 125 109 214 -1 187 167 213 196 -1 145 214
romfs 196 219 276 137 107 121 126 138 80 79 97 80 79 69 68 56 57 57 65 -1 44 29 36 28 0 10 15 79 96 95 100 51 28 -1 44 54 49 56 42 79 71 122 -1 117 107 218 -1 183 169 207 196 -1 141 218
efs 196 221 276 139 107 121 126 136 88 87 89 74 73 65 62 50 51 51 61 -1 38 23 28 24 10 0 11 81 98 95 100 45 30 -1 50 58 57 62 50 81 77 122 -1 121 109 214 -1 179 163 199 190 -1 135 212
freevxfs 199 220 277 138 106 124 127 135 89 88 96 75 74 66 59 47 48 58 62 -1 43 30 35 29 15 11 0 84 101 98 103 50 29 -1 53 61 58 61 51 82 78 121 -1 118 110 215 -1 178 162 198 193 -1 132 215
coda 211 224 253 144 106 144 139 163 113 112 128 115 114 112 123 107 108 104 110 -1 99 94 95 93 79 81 84 0 97 92 103 104 79 -1 107 103 106 101 89 100 114 131 -1 138 116 205 -1 188 180 200 211 -1 180 239
smbfs 222 239 264 103 135 151 144 154 124 123 121 104 101 107 112 108 107 97 101 -1 100 105 96 104 96 98 101 97 0 69 106 109 108 -1 126 120 111 122 108 107 119 134 -1 141 119 212 -1 169 171 207 202 -1 173 242
ncpfs 217 252 285 138 148 154 145 153 123 122 130 117 120 104 123 119 120 106 112 -1 113 114 109 97 95 95 98 92 69 0 121 106 97 -1 125 125 122 119 107 110 114 147 -1 154 128 225 -1 190 182 212 207 -1 180 249
9p 226 233 262 121 119 143 120 182 118 117 131 108 107 125 134 130 131 109 119 -1 108 107 112 106 100 100 103 103 106 121 0 121 94 -1 120 124 107 112 92 109 125 134 -1 145 115 200 -1 187 169 217 198 -1 189 248
isofs 229 242 287 154 126 148 139 135 105 104 94 75 80 68 87 85 86 68 74 -1 73 60 71 45 51 45 50 104 109 106 121 0 55 -1 89 83 96 101 81 104 106 131 -1 140 116 227 -1 176 164 200 199 -1 152 223
cramfs 208 223 278 145 107 119 128 140 90 89 109 84 85 79 80 70 71 71 77 -1 60 47 54 46 28 30 29 79 108 97 94 55 0 -1 56 64 55 58 46 81 79 110 -1 115 109 220 -1 181 169 209 196 -1 151 230
squashfs -1 -1 -1 -1 -1 -1 -1 -1 -1 -1 -1 -1 -1 -1 -1 -1 -1 -1 -1 -1 -1 -1 -1 -1 -1 -1 -1 -1 -1 -1 -1 -1 -1 -1 -1 -1 -1 -1 -1 -1 -1 -1 -1 -1 -1 -1 -1 -1 -1 -1 -1 -1 -1 -1
msdos 218 231 306 169 137 125 140 164 94 93 115 110 111 101 100 86 87 91 97 -1 62 53 58 60 44 50 53 107 126 125 120 89 56 -1 0 18 59 62 52 99 95 154 -1 141 139 240 -1 203 199 231 224 -1 167 240
vfat 214 227 300 165 133 127 140 166 94 93 113 112 113 105 108 94 95 93 97 -1 70 61 66 66 54 58 61 103 120 125 124 83 64 -1 18 0 71 72 60 95 95 154 -1 135 129 238 -1 201 195 229 226 -1 169 242
ramfs 213 236 297 154 134 134 145 169 99 98 112 107 104 98 95 85 86 86 92 -1 63 58 59 65 49 57 58 106 111 122 107 96 55 -1 59 71 0 49 39 74 62 141 -1 124 116 237 -1 208 194 234 219 -1 166 241
debugfs 210 221 296 163 139 129 134 176 94 93 125 120 121 111 112 102 103 101 103 -1 80 73 76 66 56 62 61 101 122 119 112 101 58 -1 62 72 49 0 32 67 77 150 -1 127 115 240 -1 215 207 237 224 -1 177 248
devpts 194 215 284 149 121 119 130 162 84 83 103 100 99 91 98 92 93 81 85 -1 60 61 64 50 42 50 51 89 108 107 92 81 46 -1 52 60 39 32 0 73 67 140 -1 113 101 228 -1 199 191 223 206 -1 161 234
configfs 191 216 275 150 128 132 121 167 109 108 120 111 116 118 115 117 118 96 94 -1 89 86 91 81 79 81 82 100 107 110 109 104 81 -1 99 95 74 67 73 0 82 131 -1 120 114 223 -1 190 186 220 203 -1 174 235
hugetlbfs 215 234 305 160 142 148 149 171 105 104 124 119 118 112 111 111 112 100 106 -1 95 88 93 85 71 77 78 114 119 114 125 106 79 -1 95 95 62 77 67 82 0 149 -1 134 130 235 -1 202 198 230 215 -1 168 241
jffs2 256 255 264 151 133 163 162 184 150 149 159 124 123 135 136 136 135 123 129 -1 130 129 124 132 122 122 121 131 134 147 134 131 110 -1 154 154 141 150 140 131 149 0 -1 175 147 218 -1 173 159 189 212 -1 157 208
ubifs -1 -1 -1 -1 -1 -1 -1 -1 -1 -1 -1 -1 -1 -1 -1 -1 -1 -1 -1 -1 -1 -1 -1 -1 -1 -1 -1 -1 -1 -1 -1 -1 -1 -1 -1 -1 -1 -1 -1 -1 -1 -1 -1 -1 -1 -1 -1 -1 -1 -1 -1 -1 -1 -1
ecryptfs 245 220 287 168 158 180 173 183 145 144 150 141 142 142 139 141 138 130 130 -1 123 124 125 125 117 121 118 138 141 154 145 140 115 -1 141 135 124 127 113 120 134 175 -1 0 134 243 -1 202 204 234 231 -1 194 261
fuse 235 244 257 148 140 168 153 165 135 134 128 109 110 124 129 125 122 110 106 -1 109 114 109 109 107 109 110 116 119 128 115 116 109 -1 139 129 116 115 101 114 130 147 -1 134 0 217 -1 182 170 208 201 -1 174 233
xfs 308 317 310 191 221 253 224 198 208 207 217 200 191 203 214 208 205 207 209 -1 208 213 210 214 218 214 215 205 212 225 200 227 220 -1 240 238 237 240 228 223 235 218 -1 243 217 0 -1 199 167 211 252 -1 217 270
btrfs -1 -1 -1 -1 -1 -1 -1 -1 -1 -1 -1 -1 -1 -1 -1 -1 -1 -1 -1 -1 -1 -1 -1 -1 -1 -1 -1 -1 -1 -1 -1 -1 -1 -1 -1 -1 -1 -1 -1 -1 -1 -1 -1 -1 -1 -1 -1 -1 -1 -1 -1 -1 -1 -1
gfs2 295 284 281 166 188 220 179 175 173 172 166 147 148 162 165 165 160 162 158 -1 167 172 167 187 183 179 178 188 169 190 187 176 181 -1 203 201 208 215 199 190 202 173 -1 202 182 199 -1 0 156 176 205 -1 164 231
jfs 295 290 283 150 182 222 203 165 175 174 150 137 130 138 131 153 154 146 150 -1 165 164 157 167 169 163 162 180 171 182 169 164 169 -1 199 195 194 207 191 186 198 159 -1 204 170 167 -1 156 0 168 211 -1 140 197
reiserfs 323 294 315 212 210 262 221 189 197 196 196 171 170 174 167 173 170 178 180 -1 195 198 189 213 207 199 198 200 207 212 217 200 209 -1 231 229 234 237 223 220 230 189 -1 234 208 211 -1 176 168 0 223 -1 168 171
ocfs2 316 313 330 211 213 239 206 204 198 197 199 170 173 175 180 190 185 175 175 -1 192 191 186 196 196 190 193 211 202 207 198 199 196 -1 224 226 219 224 206 203 215 212 -1 231 201 252 -1 205 211 223 0 -1 211 216
ext4 -1 -1 -1 -1 -1 -1 -1 -1 -1 -1 -1 -1 -1 -1 -1 -1 -1 -1 -1 -1 -1 -1 -1 -1 -1 -1 -1 -1 -1 -1 -1 -1 -1 -1 -1 -1 -1 -1 -1 -1 -1 -1 -1 -1 -1 -1 -1 -1 -1 -1 -1 -1 -1 -1
ext2 269 292 321 188 192 222 207 173 179 178 128 131 124 108 97 93 88 122 114 -1 123 132 119 145 141 135 132 180 173 180 189 152 151 -1 167 169 166 177 161 174 168 157 -1 194 174 217 -1 164 140 168 211 -1 0 129
ext3 340 359 372 265 265 287 276 232 234 233 191 196 193 185 182 194 193 187 191 -1 204 201 194 214 218 212 215 239 242 249 248 223 230 -1 240 242 241 248 234 235 241 208 -1 261 233 270 -1 231 197 171 216 -1 129 0
