ext3 ext2 ext4 ocfs2 reiserfs jfs gfs2 btrfs xfs fuse ecryptfs ubifs jffs2 hugetlbfs configfs devpts debugfs ramfs vfat msdos squashfs cramfs isofs 9p ncpfs smbfs coda freevxfs efs romfs befs bfs qnx4 adfs omfs affs hpfs minix sysv ufs udf hfsplus hfs fat jbd2 jbd ntfs dlm lockd kafs cifs nfs nfsd proc
proc 0 375 429 302 323 306 308 338 292 293 307 292 295 298 298 285 286 280 289 286 273 276 274 273 264 271 267 273 278 272 270 292 270 -1 290 289 283 281 260 248 288 302 314 309 317 383 -1 358 347 365 355 -1 348 409
nfsd 375 0 362 287 286 211 257 309 249 242 268 261 258 279 279 268 271 257 268 263 244 243 251 244 235 238 236 246 257 261 253 255 241 -1 251 242 254 238 235 235 263 271 279 246 296 354 -1 325 308 306 328 -1 321 386
nfs 429 362 0 273 266 279 323 327 317 310 350 315 318 333 333 330 329 323 318 335 328 327 327 328 317 324 320 304 307 319 311 321 325 -1 351 346 338 340 325 315 339 305 301 304 282 346 -1 329 320 342 338 -1 361 414
cifs 302 287 273 0 157 214 210 206 188 183 193 162 157 176 184 173 172 168 171 180 173 178 170 175 170 179 175 175 142 160 172 186 178 -1 204 197 189 197 182 188 196 198 162 193 201 237 -1 214 177 233 233 -1 230 297
kafs 323 286 266 157 0 229 203 217 195 190 224 183 182 207 201 190 189 183 188 197 184 185 189 194 181 190 184 180 191 203 185 195 187 -1 213 206 206 216 199 205 215 195 179 198 208 266 -1 233 220 222 238 -1 241 304
lockd 306 211 279 214 229 0 146 200 132 143 177 158 159 180 176 165 166 156 165 148 141 134 138 135 126 125 127 139 154 168 146 150 124 -1 132 133 137 135 128 134 164 170 180 179 207 279 -1 254 235 267 245 -1 238 303
dlm 308 257 323 210 203 146 0 220 146 145 201 182 179 202 196 181 184 180 187 180 159 162 166 165 150 149 149 155 168 164 172 166 156 -1 166 163 171 161 160 154 184 190 192 175 205 263 -1 228 241 253 231 -1 244 317
ntfs 338 309 327 206 217 200 220 0 158 169 169 130 141 120 126 141 140 130 135 146 135 134 136 141 140 135 135 161 162 160 174 134 144 -1 166 169 169 181 168 174 184 180 164 199 175 225 -1 204 171 199 199 -1 180 241
jbd 292 249 317 188 195 132 146 158 0 17 129 112 123 132 124 119 116 118 111 114 109 96 98 103 90 93 93 121 138 136 126 108 96 -1 102 101 109 109 100 116 122 152 146 159 171 251 -1 200 191 207 197 -1 196 255
jbd2 293 242 310 183 190 143 145 169 17 0 140 121 132 139 133 132 129 129 122 123 118 107 109 114 101 104 104 132 147 145 133 119 107 -1 113 112 120 120 109 125 135 163 157 170 178 250 -1 205 188 202 200 -1 205 262
fat 307 268 350 193 224 177 201 169 129 140 0 85 86 95 103 108 115 87 88 89 82 85 81 100 111 106 110 136 135 141 121 111 119 -1 121 118 120 134 111 131 133 163 157 186 180 250 -1 203 170 204 206 -1 147 212
hfs 292 261 315 162 183 158 182 130 112 121 85 0 23 80 78 91 94 54 59 74 63 68 66 77 88 87 81 119 116 122 110 88 94 -1 114 117 113 129 108 120 126 130 136 155 151 223 -1 184 147 181 175 -1 148 215
hfsplus 295 258 318 157 182 159 179 141 123 132 86 23 0 81 81 88 91 65 72 77 70 73 69 78 87 86 80 118 115 123 113 93 97 -1 117 116 110 130 109 125 127 129 131 154 154 214 -1 181 142 180 178 -1 141 212
udf 298 279 333 176 207 180 202 120 132 139 95 80 81 0 60 77 76 66 75 72 79 76 76 85 90 85 87 119 126 120 122 82 98 -1 122 121 111 133 114 128 128 144 140 169 165 229 -1 194 145 175 179 -1 118 195
ufs 298 279 333 184 201 176 196 126 124 133 103 78 81 60 0 39 46 56 61 68 59 56 54 81 74 73 65 121 120 130 118 92 90 -1 106 111 101 119 106 122 118 134 140 165 167 243 -1 200 137 169 183 -1 110 193
sysv 285 268 330 173 190 165 181 141 119 132 108 91 88 77 39 0 7 63 58 63 50 49 41 72 57 60 52 106 117 131 111 91 81 -1 89 96 88 108 101 121 121 135 145 162 170 244 -1 205 164 180 198 -1 111 210
minix 286 271 329 172 189 166 184 140 116 129 115 94 91 76 46 7 0 70 61 66 53 52 42 75 60 63 55 109 120 134 114 94 84 -1 96 103 91 111 104 124 124 138 144 161 169 241 -1 204 167 177 197 -1 110 211
hpfs 280 257 323 168 183 156 180 130 118 129 87 54 65 66 56 63 70 0 33 54 49 50 50 65 66 65 65 107 106 116 100 76 80 -1 98 97 93 109 94 106 104 126 134 155 153 233 -1 196 155 177 179 -1 136 203
affs 289 268 318 171 188 165 187 135 111 122 88 59 72 75 61 58 61 33 0 53 50 53 45 60 69 70 64 108 109 121 105 75 81 -1 99 102 98 110 95 105 107 131 137 164 150 240 -1 191 160 184 190 -1 137 210
omfs 286 263 335 180 197 148 180 146 114 123 89 74 77 72 68 63 66 54 53 0 47 50 32 55 60 65 63 111 120 134 98 82 72 -1 76 79 73 89 70 104 106 132 136 167 153 245 -1 210 165 199 195 -1 138 217
adfs 273 244 328 173 184 141 159 135 109 118 82 63 70 79 59 50 53 49 50 47 0 27 31 44 47 44 44 98 105 123 87 77 63 -1 67 74 68 88 67 93 103 129 137 150 148 238 -1 203 174 198 198 -1 139 222
qnx4 276 243 327 178 185 134 162 134 96 107 85 68 73 76 56 49 52 50 53 50 27 0 26 37 30 29 31 91 114 124 92 60 52 -1 60 63 63 81 72 92 102 126 138 151 153 247 -1 210 171 201 197 -1 146 217
bfs 274 251 327 170 189 138 166 136 98 109 81 66 69 76 54 41 42 50 45 32 31 26 0 47 42 43 43 95 110 122 94 78 58 -1 66 75 65 81 70 90 106 118 128 153 147 239 -1 206 163 195 193 -1 138 215
befs 273 244 328 175 194 135 165 141 103 114 100 77 78 85 81 72 75 65 60 55 44 37 47 0 33 34 32 92 113 109 87 45 51 -1 67 68 72 78 65 83 95 129 143 160 148 248 -1 217 178 214 204 -1 161 230
romfs 264 235 317 170 181 126 150 140 90 101 111 88 87 90 74 57 60 66 69 60 47 30 42 33 0 15 15 79 102 106 80 52 32 -1 52 59 57 67 54 84 84 116 134 147 145 255 -1 218 179 211 203 -1 156 233
efs 271 238 324 179 190 125 149 135 93 104 106 87 86 85 73 60 63 65 70 65 44 29 43 34 15 0 14 80 111 113 83 47 37 -1 55 62 64 72 61 89 89 125 143 152 148 252 -1 217 174 206 202 -1 149 226
freevxfs 267 236 320 175 184 127 149 135 93 104 110 81 80 87 65 52 55 65 64 63 44 31 43 32 15 14 0 82 107 109 81 51 35 -1 57 64 62 68 59 85 87 119 139 146 146 248 -1 213 174 204 204 -1 149 230
coda 273 246 304 175 180 139 155 161 121 132 136 119 118 119 121 106 109 107 108 111 98 91 95 92 79 80 82 0 101 93 109 97 79 -1 107 98 104 104 95 107 117 125 145 152 144 240 -1 219 192 210 216 -1 187 248
smbfs 278 257 307 142 191 154 168 162 138 147 135 116 115 126 120 117 120 106 109 120 105 114 110 113 102 111 107 101 0 72 122 128 114 -1 134 125 117 131 118 118 132 146 132 147 159 237 -1 202 189 215 207 -1 194 261
ncpfs 272 261 319 160 203 168 164 160 136 145 141 122 123 120 130 131 134 116 121 134 123 124 122 109 106 113 109 93 72 0 132 118 108 -1 138 135 133 133 122 118 130 148 144 159 165 247 -1 214 189 211 205 -1 194 259
9p 270 253 311 172 185 146 172 174 126 133 121 110 113 122 118 111 114 100 105 98 87 92 94 87 80 83 81 109 122 132 0 108 80 -1 98 99 87 99 78 106 112 142 152 163 163 263 -1 224 203 233 219 -1 188 259
isofs 292 255 321 186 195 150 166 134 108 119 111 88 93 82 92 91 94 76 75 82 77 60 78 45 52 47 51 97 128 118 108 0 56 -1 96 89 101 105 88 112 102 136 152 161 151 257 -1 208 177 205 209 -1 164 235
cramfs 270 241 325 178 187 124 156 144 96 107 119 94 97 98 90 81 84 80 81 72 63 52 58 51 32 37 35 79 114 108 80 56 0 -1 58 67 59 67 56 84 88 110 138 149 145 255 -1 218 185 219 205 -1 174 249
squashfs -1 -1 -1 -1 -1 -1 -1 -1 -1 -1 -1 -1 -1 -1 -1 -1 -1 -1 -1 -1 -1 -1 -1 -1 -1 -1 -1 -1 -1 -1 -1 -1 -1 -1 -1 -1 -1 -1 -1 -1 -1 -1 -1 -1 -1 -1 -1 -1 -1 -1 -1 -1 -1 -1
msdos 290 251 351 204 213 132 166 166 102 113 121 114 117 122 106 89 96 98 99 76 67 60 66 67 52 55 57 107 134 138 98 96 58 -1 0 21 65 69 62 102 112 152 168 175 173 273 -1 242 211 235 231 -1 188 255
vfat 289 242 346 197 206 133 163 169 101 112 118 117 116 121 111 96 103 97 102 79 74 63 75 68 59 62 64 98 125 135 99 89 67 -1 21 0 76 78 71 99 107 149 161 172 164 266 -1 237 208 230 228 -1 187 256
ramfs 283 254 338 189 206 137 171 169 109 120 120 113 110 111 101 88 91 93 98 73 68 63 65 72 57 64 62 104 117 133 87 101 59 -1 65 76 0 54 51 75 75 139 149 160 150 270 -1 241 204 236 226 -1 181 256
debugfs 281 238 340 197 216 135 161 181 109 120 134 129 130 133 119 108 111 109 110 89 88 81 81 78 67 72 68 104 131 133 99 105 67 -1 69 78 54 0 41 73 93 151 169 162 154 276 -1 251 222 242 232 -1 199 270
devpts 260 235 325 182 199 128 160 168 100 109 111 108 109 114 106 101 104 94 95 70 67 72 70 65 54 61 59 95 118 122 78 88 56 -1 62 71 51 41 0 84 82 144 154 155 141 265 -1 234 209 231 219 -1 184 257
configfs 248 235 315 188 205 134 154 174 116 125 131 120 125 128 122 121 124 106 105 104 93 92 90 83 84 89 85 107 118 118 106 112 84 -1 102 99 75 73 84 0 96 140 154 149 143 257 -1 232 203 229 205 -1 192 251
hugetlbfs 288 263 339 196 215 164 184 184 122 135 133 126 127 128 118 121 124 104 107 106 103 102 106 95 84 89 87 117 132 130 112 102 88 -1 112 107 75 93 82 96 0 158 156 173 159 279 -1 242 213 241 225 -1 190 269
jffs2 302 271 305 198 195 170 190 180 152 163 163 130 129 144 134 135 138 126 131 132 129 126 118 129 116 125 119 125 146 148 142 136 110 -1 152 149 139 151 144 140 158 0 128 191 177 239 -1 218 163 201 213 -1 160 215
ubifs 314 279 301 162 179 180 192 164 146 157 157 136 131 140 140 145 144 134 137 136 137 138 128 143 134 143 139 145 132 144 152 152 138 -1 168 161 149 169 154 154 156 128 0 167 169 219 -1 186 159 199 195 -1 176 237
ecryptfs 309 246 304 193 198 179 175 199 159 170 186 155 154 169 165 162 161 155 164 167 150 151 153 160 147 152 146 152 147 159 163 161 149 -1 175 172 160 162 155 149 173 191 167 0 184 266 -1 215 224 244 230 -1 231 298
fuse 317 296 282 201 208 207 205 175 171 178 180 151 154 165 167 170 169 153 150 153 148 153 147 148 145 148 146 144 159 165 163 151 145 -1 173 164 150 154 141 143 159 177 169 184 0 250 -1 237 212 242 226 -1 217 276
xfs 383 354 346 237 266 279 263 225 251 250 250 223 214 229 243 244 241 233 240 245 238 247 239 248 255 252 248 240 237 247 263 257 255 -1 273 266 270 276 265 257 279 239 219 266 250 0 -1 235 196 240 250 -1 257 304
btrfs -1 -1 -1 -1 -1 -1 -1 -1 -1 -1 -1 -1 -1 -1 -1 -1 -1 -1 -1 -1 -1 -1 -1 -1 -1 -1 -1 -1 -1 -1 -1 -1 -1 -1 -1 -1 -1 -1 -1 -1 -1 -1 -1 -1 -1 -1 -1 -1 -1 -1 -1 -1 -1 -1
gfs2 358 325 329 214 233 254 228 204 200 205 203 184 181 194 200 205 204 196 191 210 203 210 206 217 218 217 213 219 202 214 224 208 218 -1 242 237 241 251 234 232 242 218 186 215 237 235 -1 0 183 187 193 -1 204 265
jfs 347 308 320 177 220 235 241 171 191 188 170 147 142 145 137 164 167 155 160 165 174 171 163 178 179 174 174 192 189 189 203 177 185 -1 211 208 204 222 209 203 213 163 159 224 212 196 -1 183 0 166 208 -1 149 206
reiserfs 365 306 342 233 222 267 253 199 207 202 204 181 180 175 169 180 177 177 184 199 198 201 195 214 211 206 204 210 215 211 233 205 219 -1 235 230 236 242 231 229 241 201 199 244 242 240 -1 187 166 0 212 -1 179 164
ocfs2 355 328 338 233 238 245 231 199 197 200 206 175 178 179 183 198 197 179 190 195 198 197 193 204 203 202 204 216 207 205 219 209 205 -1 231 228 226 232 219 205 225 213 195 230 226 250 -1 193 208 212 0 -1 221 228
ext4 -1 -1 -1 -1 -1 -1 -1 -1 -1 -1 -1 -1 -1 -1 -1 -1 -1 -1 -1 -1 -1 -1 -1 -1 -1 -1 -1 -1 -1 -1 -1 -1 -1 -1 -1 -1 -1 -1 -1 -1 -1 -1 -1 -1 -1 -1 -1 -1 -1 -1 -1 -1 -1 -1
ext2 348 321 361 230 241 238 244 180 196 205 147 148 141 118 110 111 110 136 137 138 139 146 138 161 156 149 149 187 194 194 188 164 174 -1 188 187 181 199 184 192 190 160 176 231 217 257 -1 204 149 179 221 -1 0 129
ext3 409 386 414 297 304 303 317 241 255 262 212 215 212 195 193 210 211 203 210 217 222 217 215 230 233 226 230 248 261 259 259 235 249 -1 255 256 256 270 257 251 269 215 237 298 276 304 -1 265 206 164 228 -1 129 0
