ext3 ext2 ext4 ocfs2 reiserfs jfs gfs2 btrfs xfs fuse ecryptfs ubifs jffs2 hugetlbfs configfs devpts debugfs ramfs vfat msdos squashfs cramfs isofs 9p ncpfs smbfs coda freevxfs efs romfs befs bfs qnx4 adfs omfs affs hpfs minix sysv ufs udf hfsplus hfs fat jbd2 jbd ntfs dlm lockd kafs cifs nfs nfsd proc
proc 0 375 418 301 318 307 303 331 288 287 297 285 287 289 290 277 278 273 284 275 266 268 266 265 258 265 261 265 269 267 261 286 262 267 284 284 275 277 250 242 281 301 314 296 307 386 378 357 343 361 405 428 342 409
nfsd 375 0 363 302 295 218 270 320 259 252 278 268 268 290 289 278 281 268 279 272 255 253 261 254 245 248 246 258 268 272 262 261 251 248 261 253 264 250 251 245 274 286 295 251 312 377 365 338 318 320 390 431 333 402
nfs 418 363 0 265 262 275 329 325 316 307 345 313 315 331 330 327 326 321 318 329 326 324 324 325 314 321 317 303 303 317 311 318 322 313 348 342 335 339 322 312 337 313 304 292 269 344 332 327 317 341 387 416 362 417
cifs 301 302 265 0 161 226 218 212 201 194 204 170 166 182 191 180 179 174 177 186 181 185 177 182 179 188 184 182 140 168 174 195 185 172 213 207 196 206 187 195 204 212 173 187 210 255 253 220 186 242 300 343 239 310
kafs 318 295 262 161 0 229 213 219 200 193 225 185 185 209 202 191 190 185 190 197 186 186 190 195 182 191 185 183 191 205 187 196 188 183 214 208 207 219 196 210 217 201 186 194 201 284 258 241 225 223 303 334 244 309
lockd 307 218 275 226 229 0 162 208 141 154 182 164 166 188 183 172 173 164 175 154 149 141 145 142 133 132 134 148 170 176 152 157 131 138 139 139 142 142 137 149 170 184 193 185 224 301 287 264 246 278 316 369 247 316
dlm 303 270 329 218 213 162 0 230 145 146 200 186 182 212 205 190 193 190 195 180 165 167 167 166 159 158 158 166 176 174 176 175 161 158 167 163 172 164 165 155 190 196 201 189 210 273 277 232 250 264 296 363 255 326
ntfs 331 320 325 212 219 208 230 0 163 174 168 130 140 122 127 142 141 132 139 148 137 135 137 142 141 136 136 162 162 160 174 135 145 134 167 169 170 184 171 179 184 180 169 197 182 237 213 204 176 202 258 299 183 246
jbd 288 259 316 201 200 141 145 163 0 23 135 115 125 137 128 123 120 123 118 117 114 100 102 107 94 97 97 127 143 141 131 112 100 81 106 104 113 115 110 122 127 159 154 158 179 264 232 205 197 215 263 312 204 263
jbd2 287 252 307 194 193 154 146 174 23 0 148 128 134 146 139 138 135 136 131 130 127 113 117 120 109 112 112 138 150 150 138 123 115 96 119 115 126 128 121 133 142 172 165 169 186 261 243 208 196 208 268 299 215 270
fat 297 278 345 204 225 182 200 168 135 148 0 88 88 98 107 112 119 92 95 92 87 89 85 104 115 110 114 140 138 144 126 115 123 114 125 121 124 140 121 135 136 166 161 185 188 259 239 204 172 206 266 267 149 218
hfs 285 268 313 170 185 164 186 130 115 128 88 0 24 80 77 90 93 56 61 72 63 67 65 76 87 86 80 120 116 122 112 87 93 80 113 115 112 130 111 123 126 138 141 153 158 237 221 192 152 186 238 279 155 224
hfsplus 287 268 315 166 185 166 182 140 125 134 88 24 0 80 81 88 91 68 75 76 71 73 69 78 87 86 80 118 114 122 114 93 97 86 117 115 110 132 113 129 126 138 135 151 162 229 223 188 146 184 238 271 145 218
udf 289 290 331 182 209 188 212 122 137 146 98 80 80 0 61 78 77 68 79 74 81 77 77 86 91 86 88 120 126 120 122 83 99 88 123 121 112 136 121 133 128 146 145 165 170 243 223 196 148 178 238 263 121 202
ufs 290 289 330 191 202 183 205 127 128 139 107 77 81 61 0 39 46 57 64 67 60 56 54 81 74 73 65 123 121 131 117 92 90 93 106 110 101 121 110 126 119 141 148 164 173 256 222 201 141 173 241 256 114 199
sysv 277 278 327 180 191 172 190 142 123 138 112 90 88 78 39 0 7 64 61 62 51 49 41 72 57 60 52 108 118 132 110 91 81 88 89 95 88 110 107 125 122 142 153 161 176 259 233 206 168 184 262 277 115 218
minix 278 281 326 179 190 173 193 141 120 135 119 93 91 77 46 7 0 71 64 65 54 52 42 75 60 63 55 111 121 135 113 94 84 85 96 102 91 113 110 128 125 145 152 160 175 256 228 205 171 181 261 280 114 219
hpfs 273 268 321 174 185 164 190 132 123 136 92 56 68 68 57 64 71 0 37 54 49 51 51 66 67 66 66 110 108 118 100 77 81 80 99 97 94 112 99 111 106 134 143 155 160 249 221 204 160 182 244 273 141 212
affs 284 279 318 177 190 175 195 139 118 131 95 61 75 79 64 61 64 37 0 55 54 56 48 63 72 73 67 113 113 125 109 78 84 77 102 104 101 109 102 106 111 141 148 162 159 258 220 201 167 191 257 280 144 221
omfs 275 272 329 186 197 154 180 148 117 130 92 72 76 74 67 62 65 54 55 0 47 49 31 54 59 64 62 112 120 134 98 81 71 76 75 77 72 90 77 107 106 138 145 163 162 257 233 212 168 202 256 283 141 224
adfs 266 255 326 181 186 149 165 137 114 127 87 63 71 81 60 51 54 49 54 47 0 28 32 45 48 45 45 101 107 125 89 78 64 77 68 74 69 91 72 98 105 137 148 150 159 250 242 207 179 203 261 290 144 229
qnx4 268 253 324 185 186 141 167 135 100 113 89 67 73 77 56 49 52 51 56 49 28 0 26 37 30 29 31 93 115 125 91 60 52 57 60 62 63 83 76 96 103 133 148 148 163 262 238 211 175 203 261 284 148 223
bfs 266 261 324 177 190 145 167 137 102 117 85 65 69 77 54 41 42 51 48 31 32 26 0 47 42 43 43 97 111 123 95 78 58 61 66 74 65 83 76 94 107 125 138 152 157 254 236 207 167 199 257 284 142 223
befs 265 254 325 182 195 142 166 142 107 120 104 76 78 86 81 72 75 66 63 54 45 37 47 0 33 34 32 94 114 110 84 45 51 58 67 67 72 80 69 87 96 136 151 157 158 263 239 220 182 216 268 297 163 236
romfs 258 245 314 179 182 133 159 141 94 109 115 87 87 91 74 57 60 67 72 59 48 30 42 33 0 15 15 81 103 107 81 52 32 45 52 58 57 69 62 88 85 123 144 144 151 270 240 219 183 215 267 300 158 239
efs 265 248 321 188 191 132 158 136 97 112 110 86 86 86 73 60 63 66 73 64 45 29 43 34 15 0 14 82 112 114 84 47 37 50 55 61 64 74 67 93 90 122 153 151 154 267 239 218 178 210 266 293 151 232
freevxfs 261 246 317 184 185 134 158 136 97 112 114 80 80 88 65 52 55 66 67 62 45 31 43 32 15 14 0 84 108 110 82 51 35 50 57 63 62 70 63 89 88 126 149 145 152 263 239 214 178 208 268 295 151 236
coda 265 258 303 182 183 148 166 162 127 138 140 120 118 120 123 108 111 110 113 112 101 93 97 94 81 82 84 0 102 94 110 99 81 92 109 101 106 108 101 113 118 130 155 147 148 255 225 216 196 214 280 307 191 256
smbfs 269 268 303 140 191 170 176 162 143 150 138 116 114 126 121 118 121 108 113 120 107 115 111 114 103 112 108 102 0 72 118 129 115 112 135 127 118 134 123 121 132 150 137 141 164 247 233 200 192 220 266 317 197 266
ncpfs 267 272 317 168 205 176 174 160 141 150 144 122 122 120 131 132 135 118 125 134 125 125 123 110 107 114 110 94 72 0 128 119 109 108 139 137 134 136 127 123 130 156 149 157 168 257 225 214 192 216 268 323 197 266
9p 261 262 311 174 187 152 176 174 131 138 126 112 114 122 117 110 113 100 109 98 89 91 95 84 81 84 82 110 118 128 0 107 81 96 99 97 86 100 75 107 112 150 157 161 166 275 233 230 206 232 282 319 189 264
isofs 286 261 318 195 196 157 175 135 112 123 115 87 93 83 92 91 94 77 78 81 78 60 78 45 52 47 51 99 129 119 107 0 56 57 96 88 101 107 94 116 103 137 160 156 157 270 224 211 181 209 273 300 168 243
cramfs 262 251 322 185 188 131 161 145 100 115 123 93 97 99 90 81 84 81 84 71 64 52 58 51 32 37 35 81 115 109 81 56 0 51 58 66 59 69 60 88 89 117 148 148 151 268 232 219 189 221 269 316 176 255
squashfs 267 248 313 172 183 138 158 134 81 96 114 80 86 88 93 88 85 80 77 76 77 57 61 58 45 50 50 92 112 108 96 57 51 0 83 81 84 84 81 91 100 116 137 143 148 249 215 200 176 202 252 293 163 232
msdos 284 261 348 213 214 139 167 167 106 119 125 113 117 123 106 89 96 99 102 75 68 60 66 67 52 55 57 109 135 139 99 96 58 83 0 20 65 73 74 106 113 155 178 174 183 286 262 243 215 239 295 322 190 261
vfat 284 253 342 207 208 139 163 169 104 115 121 115 115 121 110 95 102 97 104 77 74 62 74 67 58 61 63 101 127 137 97 88 66 81 20 0 75 81 76 104 109 151 170 170 177 282 260 239 211 237 291 320 188 261
ramfs 275 264 335 196 207 142 172 170 113 126 124 112 110 112 101 88 91 94 101 72 69 63 65 72 57 64 62 106 118 134 86 101 59 84 65 75 0 58 59 79 76 144 159 159 160 283 257 242 208 238 290 325 183 262
debugfs 277 250 339 206 219 142 164 184 115 128 140 130 132 136 121 110 113 112 109 90 91 83 83 80 69 74 70 108 134 136 100 107 69 84 73 81 58 0 55 73 96 158 181 163 164 293 255 254 228 248 296 339 203 278
devpts 250 251 322 187 196 137 165 171 110 121 121 111 113 121 110 107 110 99 102 77 72 76 76 69 62 67 63 101 123 127 75 94 60 81 74 76 59 55 0 92 85 153 160 154 151 280 246 239 215 237 287 326 190 267
configfs 242 245 312 195 210 149 155 179 122 133 135 123 129 133 126 125 128 111 106 107 98 96 94 87 88 93 89 113 121 123 107 116 88 91 106 104 79 73 92 0 101 151 166 148 155 270 250 237 211 235 269 320 200 263
hugetlbfs 281 274 337 204 217 170 190 184 127 142 136 126 126 128 119 122 125 106 111 106 105 103 107 96 85 90 88 118 132 130 112 103 89 100 113 109 76 96 85 101 0 164 165 171 166 287 245 244 216 244 288 329 191 274
jffs2 301 286 313 212 201 184 196 180 159 172 166 138 138 146 141 142 145 134 141 138 137 133 125 136 123 122 126 130 150 156 150 137 117 116 155 151 144 158 153 151 164 0 141 191 182 251 189 220 166 206 244 267 161 218
ubifs 314 295 304 173 186 193 201 169 154 165 161 141 135 145 148 153 152 143 148 145 148 148 138 151 144 153 149 155 137 149 157 160 148 137 178 170 159 181 160 166 165 141 0 168 181 234 206 191 167 207 247 298 186 247
ecryptfs 296 251 292 187 194 185 189 197 158 169 185 153 151 165 164 161 160 155 162 163 150 148 152 157 144 151 145 147 141 157 161 156 148 143 174 170 159 163 154 148 171 191 168 0 175 272 246 217 219 239 287 334 228 295
fuse 307 312 269 210 201 224 210 182 179 186 188 158 162 170 173 176 175 160 159 162 159 163 157 158 151 154 152 148 164 168 166 157 151 148 183 177 160 164 151 155 166 182 181 175 0 265 227 244 220 250 286 325 223 288
xfs 386 377 344 255 284 301 273 237 264 261 259 237 229 243 256 259 256 249 258 257 250 262 254 263 270 267 263 255 247 257 275 270 268 249 286 282 283 293 280 270 287 251 234 272 265 0 240 237 207 253 297 310 270 317
btrfs 378 365 332 253 258 287 277 213 232 243 239 221 223 223 222 233 228 221 220 233 242 238 236 239 240 239 239 225 233 225 233 224 232 215 262 260 257 255 246 250 245 189 206 246 227 240 0 221 199 221 277 292 230 273
gfs2 357 338 327 220 241 264 232 204 205 208 204 192 188 196 201 206 205 204 201 212 207 211 207 220 219 218 214 216 200 214 230 211 219 200 243 239 242 254 239 237 244 220 191 217 244 237 221 0 186 198 230 295 209 272
jfs 343 318 317 186 225 246 250 176 197 196 172 152 146 148 141 168 171 160 167 168 179 175 167 182 183 178 178 196 192 192 206 181 189 176 215 211 208 228 215 211 216 166 167 219 220 207 199 186 0 172 252 237 155 216
reiserfs 361 320 341 242 223 278 264 202 215 208 206 186 184 178 173 184 181 182 191 202 203 203 199 216 215 210 208 214 220 216 232 209 221 202 239 237 238 248 237 235 244 206 207 239 250 253 221 198 172 0 218 203 183 166
ocfs2 405 390 387 300 303 316 296 258 263 268 266 238 238 238 241 262 261 244 257 256 261 261 257 268 267 266 268 280 266 268 282 273 269 252 295 291 290 296 287 269 288 244 247 287 286 297 277 230 252 218 0 251 255 270
ext4 428 431 416 343 334 369 363 299 312 299 267 279 271 263 256 277 280 273 280 283 290 284 284 297 300 293 295 307 317 323 319 300 316 293 322 320 325 339 326 320 329 267 298 334 325 310 292 295 237 203 251 0 196 141
ext2 342 333 362 239 244 247 255 183 204 215 149 155 145 121 114 115 114 141 144 141 144 148 142 163 158 151 151 191 197 197 189 168 176 163 190 188 183 203 190 200 191 161 186 228 223 270 230 209 155 183 255 196 0 133
ext3 409 402 417 310 309 316 326 246 263 270 218 224 218 202 199 218 219 212 221 224 229 223 223 236 239 232 236 256 266 266 264 243 255 232 261 261 262 278 267 263 274 218 247 295 288 317 273 272 216 166 270 141 133 0
