ext3 ext2 ext4 ocfs2 reiserfs jfs gfs2 btrfs xfs fuse ecryptfs ubifs jffs2 hugetlbfs configfs devpts debugfs ramfs vfat msdos squashfs cramfs isofs 9p ncpfs smbfs coda freevxfs efs romfs befs bfs qnx4 adfs omfs affs hpfs minix sysv ufs udf hfsplus hfs fat jbd2 jbd ntfs dlm lockd kafs cifs nfs nfsd proc
proc 0 333 378 259 293 261 271 290 249 252 249 251 253 250 253 240 237 232 240 -1 227 228 223 223 218 220 221 231 237 229 238 249 225 -1 239 236 233 232 214 205 235 259 -1 263 244 330 -1 311 305 331 329 -1 286 356
nfsd 333 0 323 274 278 212 252 303 232 237 264 254 254 263 270 263 262 247 263 -1 240 237 242 236 229 233 230 240 250 256 253 252 234 -1 242 235 244 231 225 224 246 262 -1 224 257 331 -1 304 296 298 326 -1 297 367
nfs 378 323 0 251 253 261 309 304 291 296 309 287 287 300 307 304 299 298 296 -1 299 298 299 297 290 292 293 279 275 295 290 295 297 -1 321 314 311 314 296 291 315 277 -1 291 268 316 -1 291 291 319 337 -1 330 378
cifs 259 274 251 0 164 192 180 181 154 161 166 136 130 147 160 149 144 143 143 -1 148 153 148 150 145 151 150 152 114 138 145 162 152 -1 178 173 160 173 157 160 166 166 -1 170 153 203 -1 182 152 214 222 -1 193 267
kafs 293 278 253 164 0 222 202 213 190 195 204 178 174 197 198 185 180 181 187 -1 182 183 184 192 179 181 182 176 182 196 185 194 182 -1 206 199 200 215 193 196 208 190 -1 196 177 245 -1 226 210 222 244 -1 227 287
lockd 261 212 261 192 222 0 156 203 128 129 170 158 158 169 174 165 164 151 165 -1 140 133 136 132 125 125 126 132 156 158 149 152 122 -1 128 129 134 135 123 132 154 160 -1 182 173 267 -1 242 224 264 252 -1 223 291
dlm 271 252 309 180 202 156 0 227 140 139 196 178 174 193 196 183 182 175 181 -1 164 163 168 162 153 153 152 158 166 168 175 166 154 -1 166 165 168 163 157 152 176 182 -1 190 175 249 -1 210 230 246 236 -1 231 305
ntfs 290 303 304 181 213 203 227 0 159 158 161 131 137 124 131 142 137 132 134 -1 141 138 137 143 144 138 139 161 155 155 178 139 147 -1 167 170 171 182 168 169 177 181 -1 187 166 208 -1 193 169 189 205 -1 172 232
jbd 249 232 291 154 190 128 140 159 0 9 120 110 114 121 120 117 112 109 105 -1 104 91 96 96 83 89 88 114 128 128 121 108 90 -1 96 97 100 101 87 114 110 146 -1 148 137 225 -1 192 178 198 208 -1 177 237
jbd2 252 237 296 161 195 129 139 158 9 0 119 107 113 118 117 114 109 108 102 -1 101 88 93 93 80 86 85 115 131 129 120 107 87 -1 93 96 97 100 86 113 107 143 -1 147 136 232 -1 189 183 203 203 -1 176 238
fat 249 264 309 166 204 170 196 161 120 119 0 74 78 79 92 95 96 73 79 -1 76 73 70 90 99 91 98 126 126 132 119 98 112 -1 118 115 114 133 107 126 122 152 -1 152 133 233 -1 182 152 196 208 -1 125 193
hfs 251 254 287 136 178 158 178 131 110 107 74 0 18 67 72 83 82 51 53 -1 62 65 64 72 83 77 76 116 110 120 109 80 88 -1 112 115 108 127 103 120 116 120 -1 142 113 215 -1 166 138 172 182 -1 131 199
hfsplus 253 254 287 130 174 158 174 137 114 113 78 18 0 63 72 79 78 57 65 -1 68 69 68 74 83 77 76 114 106 120 111 84 90 -1 114 115 104 127 103 124 114 118 -1 142 113 205 -1 166 130 170 182 -1 123 195
udf 250 263 300 147 197 169 193 124 121 118 79 67 63 0 49 60 59 52 60 -1 69 64 61 69 76 70 71 113 113 105 114 73 85 -1 109 110 103 122 100 121 111 129 -1 141 130 218 -1 175 139 173 185 -1 106 186
ufs 253 270 307 160 198 174 196 131 120 117 92 72 72 49 0 35 38 51 55 -1 56 53 46 76 71 63 62 120 116 126 115 90 86 -1 102 109 94 117 101 118 110 130 -1 142 131 229 -1 186 134 168 190 -1 97 183
sysv 240 263 304 149 185 165 183 142 117 114 95 83 79 60 35 0 5 58 54 -1 49 48 35 71 58 52 51 105 111 123 108 89 77 -1 89 96 85 108 96 121 113 131 -1 145 128 224 -1 191 157 175 203 -1 94 196
minix 237 262 299 144 180 164 182 137 112 109 96 82 78 59 38 5 0 61 49 -1 48 49 34 70 59 53 52 104 110 122 109 88 78 -1 90 97 86 109 97 120 114 130 -1 140 125 219 -1 186 156 172 198 -1 89 195
hpfs 232 247 298 143 181 151 175 132 109 108 73 51 57 52 51 58 61 0 36 -1 45 46 43 63 62 56 61 103 101 109 100 73 75 -1 95 96 87 108 86 103 99 117 -1 131 114 222 -1 181 147 177 187 -1 120 188
affs 240 263 296 143 187 165 181 134 105 102 79 53 65 60 55 54 49 36 0 -1 47 52 45 63 68 64 63 107 105 115 106 77 79 -1 97 100 93 110 88 105 103 125 -1 133 110 224 -1 173 153 181 191 -1 114 194
omfs -1 -1 -1 -1 -1 -1 -1 -1 -1 -1 -1 -1 -1 -1 -1 -1 -1 -1 -1 -1 -1 -1 -1 -1 -1 -1 -1 -1 -1 -1 -1 -1 -1 -1 -1 -1 -1 -1 -1 -1 -1 -1 -1 -1 -1 -1 -1 -1 -1 -1 -1 -1 -1 -1
adfs 227 240 299 148 182 140 164 141 104 101 76 62 68 69 56 49 48 45 47 -1 0 25 22 42 45 39 42 98 106 120 87 76 60 -1 62 71 64 87 63 92 92 126 -1 128 113 227 -1 188 170 198 208 -1 123 209
qnx4 228 237 298 153 183 133 163 138 91 88 73 65 69 64 53 48 49 46 52 -1 25 0 19 37 30 26 31 91 111 119 88 61 49 -1 55 60 59 80 66 91 91 123 -1 127 118 230 -1 195 167 199 205 -1 130 204
bfs 223 242 299 148 184 136 168 137 96 93 70 64 68 61 46 35 34 43 45 -1 22 19 0 42 37 31 36 92 100 114 89 74 56 -1 60 69 60 83 67 94 96 120 -1 128 113 227 -1 192 160 192 202 -1 119 199
befs 223 236 297 150 192 132 162 143 96 93 90 72 74 69 76 71 70 63 63 -1 42 37 42 0 31 27 30 92 108 100 89 46 48 -1 64 67 68 75 57 82 86 126 -1 126 113 231 -1 200 170 212 208 -1 143 217
romfs 218 229 290 145 179 125 153 144 83 80 99 83 83 76 71 58 59 62 68 -1 45 30 37 31 0 12 15 79 101 101 78 53 29 -1 47 56 53 66 48 83 77 117 -1 121 112 238 -1 205 173 209 211 -1 140 222
efs 220 233 292 151 181 125 153 138 89 86 91 77 77 70 63 52 53 56 64 -1 39 26 31 27 12 0 11 79 103 101 78 47 31 -1 51 60 59 70 54 85 81 117 -1 127 112 232 -1 201 167 201 205 -1 134 216
freevxfs 221 230 293 150 182 126 152 139 88 85 98 76 76 71 62 51 52 61 63 -1 42 31 36 30 15 11 0 82 106 104 79 52 32 -1 52 61 58 67 53 84 80 118 -1 124 113 233 -1 202 168 202 210 -1 133 219
coda 231 240 279 152 176 132 158 161 114 115 126 116 114 113 120 105 104 103 107 -1 98 91 92 92 79 79 82 0 100 90 111 98 78 -1 104 97 102 105 91 106 112 122 -1 140 117 223 -1 202 182 206 224 -1 169 235
smbfs 237 250 275 114 182 156 166 155 128 131 126 110 106 113 116 111 110 101 105 -1 106 111 100 108 101 103 106 100 0 72 123 116 114 -1 130 125 114 131 115 116 124 138 -1 144 123 225 -1 190 176 208 214 -1 175 247
ncpfs 229 256 295 138 196 158 168 155 128 129 132 120 120 105 126 123 122 109 115 -1 120 119 114 100 101 101 104 90 72 0 135 112 104 -1 130 129 126 129 115 112 122 142 -1 154 133 231 -1 206 182 208 214 -1 179 247
9p 238 253 290 145 185 149 175 178 121 120 119 109 111 114 115 108 109 100 106 -1 87 88 89 89 78 78 79 111 123 135 0 111 77 -1 97 102 81 100 74 109 105 145 -1 139 126 254 -1 217 193 235 231 -1 172 248
isofs 249 252 295 162 194 152 166 139 108 107 98 80 84 73 90 89 88 73 77 -1 76 61 74 46 53 47 52 98 116 112 111 0 58 -1 92 83 98 109 87 116 104 128 -1 144 121 239 -1 192 168 202 214 -1 151 227
cramfs 225 234 297 152 182 122 154 147 90 87 112 88 90 85 86 77 78 75 79 -1 60 49 56 48 29 31 32 78 114 104 77 58 0 -1 56 65 56 65 49 84 82 106 -1 124 113 239 -1 204 176 216 216 -1 155 235
squashfs -1 -1 -1 -1 -1 -1 -1 -1 -1 -1 -1 -1 -1 -1 -1 -1 -1 -1 -1 -1 -1 -1 -1 -1 -1 -1 -1 -1 -1 -1 -1 -1 -1 -1 -1 -1 -1 -1 -1 -1 -1 -1 -1 -1 -1 -1 -1 -1 -1 -1 -1 -1 -1 -1
msdos 239 242 321 178 206 128 166 167 96 93 118 112 114 109 102 89 90 95 97 -1 62 55 60 64 47 51 52 104 130 130 97 92 56 -1 0 21 62 69 57 102 102 150 -1 146 143 259 -1 226 204 232 238 -1 167 243
vfat 236 235 314 173 199 129 165 170 97 96 115 115 115 110 109 96 97 96 100 -1 71 60 69 67 56 60 61 97 125 129 102 83 65 -1 21 0 73 78 66 97 99 149 -1 137 132 256 -1 223 197 229 237 -1 166 244
ramfs 233 244 311 160 200 134 168 171 100 97 114 108 104 103 94 85 86 87 93 -1 64 59 60 68 53 59 58 102 114 126 81 98 56 -1 62 73 0 51 43 76 66 134 -1 126 115 255 -1 226 196 234 232 -1 163 243
debugfs 232 231 314 173 215 135 163 182 101 100 133 127 127 122 117 108 109 108 110 -1 87 80 83 75 66 70 67 105 131 129 100 109 65 -1 69 78 51 0 36 73 83 149 -1 131 122 264 -1 239 215 243 239 -1 180 256
devpts 214 225 296 157 193 123 157 168 87 86 107 103 103 100 101 96 97 86 88 -1 63 66 67 57 48 54 53 91 115 115 74 87 49 -1 57 66 43 36 0 79 67 137 -1 119 106 250 -1 217 197 227 223 -1 162 240
configfs 205 224 291 160 196 132 152 169 114 113 126 120 124 121 118 121 120 103 105 -1 92 91 94 82 83 85 84 106 116 112 109 116 84 -1 102 97 76 73 79 0 90 136 -1 120 113 241 -1 214 190 224 210 -1 175 237
hugetlbfs 235 246 315 166 208 154 176 177 110 107 122 116 114 111 110 113 114 99 103 -1 92 91 96 86 77 81 80 112 124 122 105 104 82 -1 102 99 66 83 67 90 0 146 -1 138 125 257 -1 222 200 236 226 -1 165 245
jffs2 259 262 277 166 190 160 182 181 146 143 152 120 118 129 130 131 130 117 125 -1 126 123 120 126 117 117 118 122 138 142 145 128 106 -1 150 149 134 149 137 136 146 0 -1 176 143 227 -1 200 156 194 218 -1 151 207
ubifs -1 -1 -1 -1 -1 -1 -1 -1 -1 -1 -1 -1 -1 -1 -1 -1 -1 -1 -1 -1 -1 -1 -1 -1 -1 -1 -1 -1 -1 -1 -1 -1 -1 -1 -1 -1 -1 -1 -1 -1 -1 -1 -1 -1 -1 -1 -1 -1 -1 -1 -1 -1 -1 -1
ecryptfs 263 224 291 170 196 182 190 187 148 147 152 142 142 141 142 145 140 131 133 -1 128 127 128 126 121 127 124 140 144 154 139 144 124 -1 146 137 126 131 119 120 138 176 -1 0 137 255 -1 218 206 232 242 -1 193 261
fuse 244 257 268 153 177 173 175 166 137 136 133 113 113 130 131 128 125 114 110 -1 113 118 113 113 112 112 113 117 123 133 126 121 113 -1 143 132 115 122 106 113 125 143 -1 137 0 228 -1 199 175 211 209 -1 174 238
xfs 330 331 316 203 245 267 249 208 225 232 233 215 205 218 229 224 219 222 224 -1 227 230 227 231 238 232 233 223 225 231 254 239 239 -1 259 256 255 264 250 241 257 227 -1 255 228 0 -1 221 177 217 253 -1 236 290
btrfs -1 -1 -1 -1 -1 -1 -1 -1 -1 -1 -1 -1 -1 -1 -1 -1 -1 -1 -1 -1 -1 -1 -1 -1 -1 -1 -1 -1 -1 -1 -1 -1 -1 -1 -1 -1 -1 -1 -1 -1 -1 -1 -1 -1 -1 -1 -1 -1 -1 -1 -1 -1 -1 -1
gfs2 311 304 291 182 226 242 210 193 192 189 182 166 166 175 186 191 186 181 173 -1 188 195 192 200 205 201 202 202 190 206 217 192 204 -1 226 223 226 239 217 214 222 200 -1 218 199 221 -1 0 174 184 212 -1 181 247
jfs 305 296 291 152 210 224 230 169 178 183 152 138 130 139 134 157 156 147 153 -1 170 167 160 170 173 167 168 182 176 182 193 168 176 -1 204 197 196 215 197 190 200 156 -1 206 175 177 -1 174 0 170 220 -1 141 197
reiserfs 331 298 319 214 222 264 246 189 198 203 196 172 170 173 168 175 172 177 181 -1 198 199 192 212 209 201 202 206 208 208 235 202 216 -1 232 229 234 243 227 224 236 194 -1 232 211 217 -1 184 170 0 222 -1 169 171
ocfs2 329 326 337 222 244 252 236 205 208 203 208 182 182 185 190 203 198 187 191 -1 208 205 202 208 211 205 210 224 214 214 231 214 216 -1 238 237 232 239 223 210 226 218 -1 242 209 253 -1 212 220 222 0 -1 223 227
ext4 -1 -1 -1 -1 -1 -1 -1 -1 -1 -1 -1 -1 -1 -1 -1 -1 -1 -1 -1 -1 -1 -1 -1 -1 -1 -1 -1 -1 -1 -1 -1 -1 -1 -1 -1 -1 -1 -1 -1 -1 -1 -1 -1 -1 -1 -1 -1 -1 -1 -1 -1 -1 -1 -1
ext2 286 297 330 193 227 223 231 172 177 176 125 131 123 106 97 94 89 120 114 -1 123 130 119 143 140 134 133 169 175 179 172 151 155 -1 167 166 163 180 162 175 165 151 -1 193 174 236 -1 181 141 169 223 -1 0 130
ext3 356 367 378 267 287 291 305 232 237 238 193 199 195 186 183 196 195 188 194 -1 209 204 199 217 222 216 219 235 247 247 248 227 235 -1 243 244 243 256 240 237 245 207 -1 261 238 290 -1 247 197 171 227 -1 130 0
