index release data rodata text bss
1 1.5 1560 185 7333 669
2 1.5.1 1586 192 7486 668
3 1.5.2 1586 192 7488 668
4 1.5.3 1611 202 7650 669
5 1.6 1487 615 9078 686
6 1.6.1 1493 620 9129 686
7 1.6.2 1506 620 9161 690
8 2.0 1753 815 10568 736
9 2.0.2 1754 815 10568 737
10 2.1 1759 816 10591 739
11 3.0 1779 799 10188 755
12 3.0.1 1779 799 10188 755
13 3.0.2 1779 799 10188 755
14 3.0.3 1780 799 10188 755
15 3.1 1794 805 10252 760
16 3.1.1 1795 805 10252 760
17 4.0 1908 0 11928 747
18 4.0.1 1908 0 11929 747
19 5.0 2005 756 12692 780
